  id  
------
 7001
 7004
 7005
 7006
 7009
 7012
 7013
 7015
 7016
 7017
 7019
 7021
 7022
 7027
 7028
 7029
 7033
 7035
 7037
 7038
 7043
 7045
 7046
 7047
 7049
 7052
 7055
 7057
 7058
 7060
 7064
 7065
 7067
 7069
 7070
 7072
 7073
 7074
 7076
 7078
 7083
 7085
 7096
 7097
 7098
 7099
 7100
 7101
 7102
 7103
 7104
 7105
 7106
 7107
 7108
 7110
 7111
 7112
 7118
 7120
 7121
 7122
 7123
 7124
 7126
 7133
 7135
 7136
 7137
 7138
 7139
 7142
 7147
 7148
 7150
 7158
 7160
 7161
 7162
 7164
 7167
 7168
 7174
 7175
 7177
 7178
 7183
 7184
 7189
 7193
 7197
 7198
 7199
 7202
 7203
 7204
 7205
 7206
 7207
 7209
 7210
 7211
 7216
 7217
 7220
 7222
 7223
 7225
 7227
 7228
 7230
 7232
 7236
 7237
 7243
 7244
 7245
 7248
 7249
 7252
 7253
 7255
 7256
 7258
 7259
 7261
 7266
 7268
 7270
 7278
 7282
 7284
 7286
 7287
 7288
 7289
 7291
 7293
 7296
 7297
 7299
 7303
 7313
 7315
 7320
 7321
 7322
 7324
 7329
 7330
 7333
 7336
 7337
 7341
 7342
 7343
 7344
 7356
 7357
 7364
 7365
 7367
 7368
 7372
 7373
 7374
 7375
 7376
 7378
 7382
 7383
 7389
 7391
 7398
 7399
 7402
 7403
 7406
 7415
 7417
 7425
 7427
 7428
 7431
 7432
 7436
 7443
 7444
 7445
 7446
 7449
 7451
 7455
 7457
 7458
 7466
 7467
 7468
 7470
 7471
 7472
 7473
 7476
 7478
 7479
 7484
 7485
 7486
 7487
 7489
 7491
 7497
 7502
 7504
 7505
 7508
 7509
 7514
 7517
 7518
 7520
 7523
 7525
 7533
 7534
 7539
 7542
 7547
 7549
 7553
 7555
 7556
 7558
 7561
 7563
 7566
 7568
 7570
 7575
 7577
 7578
 7581
 7585
 7587
 7593
 7601
 7606
 7608
 7610
 7611
 7612
 7620
 7623
 7625
 7626
 7627
 7631
 7633
 7635
 7639
 7647
 7649
 7650
 7653
 7660
 7664
(266 rows)

